#logical
#integer
#numeric
#complex
#character

#vector

rep(1990,10)
vec<-c(10,0,1,20,1,7,88,5,1,9)
